8 3 
1.55 273.0 
8.682689044600348e-05 1.950064004585742 1317.7342759533205 -1.4697192324999151e-05 -0.1167196270965698 76.78718576152832 -4.506244957449363e-06 -0.0883584926596987 -45.56085441211336 -4.958694846445924e-09 -0.0009079656941026914 -4.868837647231179 8.975633591553884e-07 0.0027505700013618073 -7.042515490083698 -2.6063730133080945e-07 0.0013889637485944982 6.3806311015863235 -8.275305933386091e-08 -0.0009723982997330556 -0.32952224163864424 3.6915614634423535e-08 2.5247980055097665e-05 -0.9938325062427793 
-0.0003542129192741296 0.010222601901153634 6738.744493145673 1.9926604314154346e-05 -0.054570648193415686 -474.8782949236626 1.5786153946310118e-05 -0.005699239467554023 -318.1094377535928 2.4546884696996663e-07 0.0005192222513569346 5.086413896018148 -3.002152026410548e-07 0.003867247688235024 12.239932251427048 -3.548898955940362e-07 -0.0017907500862990346 1.6258226677733287 1.53698781898329e-07 -0.00018210734515912495 -3.5177124427041373 3.3115979171058827e-09 0.0002675171971499564 0.09302942426221406 
8.682689001811627e-05 1.9500640046105975 1317.734275960809 -1.4697192302953616e-05 -0.11671962710029984 76.7871857614906 -4.506244940381987e-06 -0.08835849266058247 -45.56085441242776 -4.958695669765047e-09 -0.0009079656939721268 -4.868837647227979 8.975633589484203e-07 0.002750570001371704 -7.042515490079831 -2.606373013242952e-07 0.0013889637485935314 6.380631101586275 -8.275305933305537e-08 -0.0009723982997331089 -0.32952224163865734 3.69156146344104e-08 2.5247980055097665e-05 -0.9938325062427791 
-0.00035421291876433015 0.010222601876783931 6738.744493138003 1.9926604303690057e-05 -0.05457064819232226 -474.8782949236759 1.5786153923284638e-05 -0.005699239466295337 -318.109437753257 2.454688474477145e-07 0.0005192222513102263 5.086413896017047 -3.002152023411884e-07 0.0038672476882164923 12.239932251422935 -3.548898956005154e-07 -0.0017907500862984686 1.625822667773367 1.536987818974359e-07 -0.0001821073451590529 -3.5177124427041293 3.3115979171181952e-09 0.00026751719714995537 0.09302942426221404 
-5.659146626958934e-06 -0.062151333185232326 74.82995796758952 -2.1875395825378513e-07 0.00530255151122808 -12.265032656560477 -2.5089871449273968e-08 0.0034730012560029284 -4.252663379275878 -8.914722559928899e-08 -6.149130239395245e-05 0.6416142396113639 -8.662474809263e-09 -0.00015678418591195725 0.2219946287909124 2.0199220566687738e-08 -3.249321580800999e-05 -0.12660732309279887 2.25996553601485e-09 2.5589425907944683e-05 -0.053119649196147777 -1.2369144673369837e-09 4.011337315080721e-06 0.0024540595801582185 
1.4272100555900793e-05 -0.004846989372925395 -145.66211022232014 -2.342261056032473e-06 0.00464102168995298 7.59521564159375 -9.55499244834935e-07 0.0006386629272516519 7.008688962229177 5.2077405257802376e-08 -0.00025436539899802504 -0.1214861689879923 4.482991579038848e-08 -6.93629360771957e-05 -0.2917106805817023 3.4454527431924036e-09 6.340215055049141e-05 -0.08384088761146208 -6.78405836612737e-09 1.1983366545334231e-05 0.04772933890316327 -3.658308149460217e-10 -5.113791747739793e-06 0.014528092699498497 
-5.659146637397309e-06 -0.06215133318374972 74.82995796774122 -2.1875395834176271e-07 0.005302551511168892 -12.265032656563122 -2.5089871091821154e-08 0.0034730012559425014 -4.252663379281334 -8.914722559790777e-08 -6.14913023916427e-05 0.6416142396114637 -8.662474812885137e-09 -0.00015678418591120866 0.2219946287909697 2.0199220566717563e-08 -3.249321580803523e-05 -0.1266073230927999 2.2599655360303094e-09 2.5589425907941448e-05 -0.05311964919614798 -1.2369144673374626e-09 4.0113373150808035e-06 0.002454059580158221 
1.427210055137583e-05 -0.004846989373227095 -145.66211022208125 -2.3422610565219533e-06 0.004641021690034519 7.595215641597307 -9.554992446921466e-07 0.0006386629272609599 7.008688962220687 5.207740526999693e-08 -0.000254365399000392 -0.121486168988049 4.482991578943083e-08 -6.936293607723737e-05 -0.29171068058162614 3.4454527431431533e-09 6.340215055050778e-05 -0.08384088761146273 -6.784058366126548e-09 1.1983366545333902e-05 0.047729338903163165 -3.6583081494660314e-10 -5.113791747739747e-06 0.014528092699498502 
0.0003314603515130022 0.05342320141115713 -2765.152656780145 8.428507110554498e-06 0.02754545882105538 178.70121507295553 -1.13366776406833e-05 0.021082303976924222 135.12407453266314 -4.8939638684489426e-06 -0.0023420254057066933 12.565335314971051 5.077209199267915e-07 -0.005945235595136397 -14.732923697233556 6.375908030234522e-07 0.002441417807829323 1.821628340435279 -1.6968918503645374e-07 -0.00013437255758850643 2.0717983331165803 4.2033688923012695e-10 -0.00011808007764935578 -0.7778938325192242 
0.00013258285412310946 1.5087128209176748 3897.1670463576397 -4.302461899750116e-06 -0.051212116342240765 -169.86110802829933 -1.49166748202118e-05 -0.06439447352904097 -149.60710375084153 -7.304517742639315e-07 -0.010957819296515176 -6.819056298161148 2.2233394933065158e-06 0.004747477651029049 -1.9604277150602007 -4.2296719200529037e-07 0.0010135782747346712 6.356245544567487 -7.612310992469456e-08 -0.0008226213342246678 -2.5674882135758925 2.8716259249626503e-08 0.00014651546159263727 -0.6279230120627205 
0.0003314603517062526 0.05342320136600892 -2765.152656779362 8.428507128140493e-06 0.02754545881863774 178.7012150727914 -1.1336677647087454e-05 0.021082303978464337 135.12407453262648 -4.8939638689950205e-06 -0.0023420254056450204 12.565335314977604 5.077209199736871e-07 -0.005945235595148672 -14.732923697233007 6.375908030259564e-07 0.0024414178078292644 1.8216283404352192 -1.6968918503645374e-07 -0.00013437255758850042 2.0717983331165786 4.2033688927390563e-10 -0.00011808007764936028 -0.7778938325192242 
0.00013258285391786276 1.5087128209189538 3897.1670463667715 -4.302461886793872e-06 -0.05121211634785335 -169.8611080278158 -1.4916674811830952e-05 -0.06439447352904597 -149.60710375121013 -7.304517747022084e-07 -0.010957819296308855 -6.819056298179459 2.2233394932111877e-06 0.004747477651028604 -1.960427715055897 -4.2296719200122773e-07 0.0010135782747327255 6.3562455445676616 -7.612310992450194e-08 -0.0008226213342246648 -2.5674882135759045 2.8716259249587106e-08 0.00014651546159264475 -0.6279230120627205 
-7.339959464060104e-06 0.06269732849569687 44.591015625956516 7.428110203752818e-07 0.002555813529156157 6.39342445352126 -1.0281403331403083e-06 -0.004732142291529365 -1.2613468714204106 2.840718205923269e-07 -0.0004208465220932115 -0.9601321537358144 8.738520639879204e-08 0.0003072369665384295 -0.1564348528980272 -3.053363650517803e-08 4.6933856199251356e-05 0.24827286921083083 -3.785318467102641e-09 -3.533918188796069e-05 -0.04202589756598266 1.3159276983170259e-09 1.63341000471264e-06 -0.014287035810332242 
-3.273305294512469e-05 -0.018185264273797512 110.74887734505398 2.018348526393741e-06 0.0008593751562468337 -2.5240754963308487 1.151241139823597e-06 -0.0014452411317860642 -7.48618142872386 2.5212435101835e-07 0.0005787933265750528 -0.21150426750240575 -9.173941315575414e-08 0.00017531806051364901 0.5697514542583472 -1.996810767451353e-08 -0.00010140949820581324 -0.02639309356827575 7.512158149502996e-09 4.5243179984889986e-07 -0.06819090088641684 2.3914132244562535e-11 4.853672404358536e-06 0.017732044271137382 
-7.339959454694411e-06 0.0626973284962898 44.59101562584719 7.428110199542361e-07 0.0025558135290757894 6.393424453520917 -1.0281403334902794e-06 -0.004732142291561351 -1.2613468714156504 2.8407182060724667e-07 -0.00042084652209055644 -0.9601321537357981 8.738520640236658e-08 0.00030723696653892237 -0.15643485289809217 -3.053363650537175e-08 4.693385619923728e-05 0.24827286921083133 -3.7853184671126276e-09 -3.533918188796265e-05 -0.042025897565982365 1.3159276983182913e-09 1.6334100047125226e-06 -0.014287035810332242 
-3.2733052932952685e-05 -0.018185264274176174 110.74887734480522 2.0183485267887036e-06 0.0008593751561356117 -2.5240754963289755 1.15124113934718e-06 -0.0014452411317698382 -7.486181428715034 2.5212435100567223e-07 0.0005787933265787915 -0.21150426750245427 -9.173941315103262e-08 0.00017531806051348462 0.5697514542582698 -1.9968107674452924e-08 -0.00010140949820584064 -0.02639309356827539 7.512158149496978e-09 4.524317998490406e-07 -0.06819090088641673 2.3914132244562535e-11 4.85367240435856e-06 0.01773204427113738 
