8 3 
1.55 273.0 
0.00019017829129497566 1.6616607904705074 -85.88436485309505 -8.5934050092411e-06 -0.09747835965328176 159.0692650483524 -7.447579839486177e-06 -0.0762889836464364 17.40266973437942 -4.485239524110468e-08 -0.0002659796392471098 -4.846296754549091 7.63501582676004e-07 0.0015631871872351154 -8.306544101132328 -1.471813487524341e-07 0.0015232108540037521 5.267495461804753 -9.96303652787713e-08 -0.0008142460260597792 0.36254340073674207 3.155278568231361e-08 -2.7426739767634626e-05 -0.992952869448509 
-0.00025113966677695607 0.3659122677513651 6473.06678935683 2.0024396155518593e-05 -0.07444120106052451 -424.9504744573784 1.2375814072281612e-05 -0.02133846521967656 -303.3241287173434 6.5660820614136105e-09 0.00046292417165103873 5.421063789953567 -8.9958666288143e-08 0.0036578052956294607 9.315476486837511 -3.3362383613936073e-07 -0.0012379862992825967 2.6741278810742966 1.1433907235447744e-07 -0.00034784414895460786 -3.3163923292810344 9.98474256788619e-09 0.00025208853998118886 -0.10847491711708021 
0.00019017829131226968 1.661660790522037 -85.88436485652531 -8.59340502764131e-06 -0.09747835965142612 159.06926504858052 -7.447579840236912e-06 -0.07628898364828968 17.402669734513104 -4.485239470600679e-08 -0.00026597963928234224 -4.8462967545573274 7.63501582678368e-07 0.0015631871872524704 -8.30654410113367 -1.4718134875388753e-07 0.0015232108540035 5.267495461804826 -9.963036527865419e-08 -0.0008142460260598137 0.3625434007367435 3.155278568232456e-08 -2.7426739767633877e-05 -0.992952869448509 
-0.000251139666704727 0.365912267756426 6473.06678935641 2.0024396155645238e-05 -0.07444120106053297 -424.9504744574323 1.2375814068142743e-05 -0.02133846521963582 -303.3241287173264 6.566081928904341e-09 0.0004629241716613977 5.421063789956781 -8.995866621540037e-08 0.0036578052956246685 9.315476486837305 -3.336238361370229e-07 -0.0012379862992828205 2.674127881074261 1.1433907235419725e-07 -0.0003478441489545898 -3.316392329281034 9.984742567885643e-09 0.0002520885399811891 -0.1084749171170802 
-5.834705114282012e-05 -0.007756359893669333 58.63939444148538 -8.561735218827718e-06 0.009822060008166487 -12.054287159136262 7.961503710205751e-07 0.002078869950355817 -3.807893310141244 3.7581731730833866e-08 -8.610947909964758e-05 0.4616618720652516 -1.7167932160712653e-08 -9.133842746044996e-05 0.1715603150725727 1.2579292813216523e-08 -2.6165126765049505e-05 -0.07669441462209312 2.1309951271557223e-09 1.6796766811070214e-05 -0.0431698621677441 -8.563692944839674e-10 3.479558860317139e-06 -0.0006114474275755963 
-2.8531200427612354e-05 0.017818893340553515 -107.39316323043191 -8.006478407315874e-06 0.008386848507229648 2.839322636906655 -1.8427341367410282e-07 0.0004959870870182728 4.69088094735029 1.0348282410341868e-07 -0.00020613406662144587 -0.06480438875514259 2.2359988088489323e-08 -4.929361134062711e-05 -0.17999706901649276 2.7969413925705806e-09 4.051944597089166e-05 -0.06939688323201745 -4.5127547893888345e-09 1.06340768561258e-05 0.026423420737218827 -3.593849462982129e-10 -3.330151025591051e-06 0.010793848136880183 
-5.834705114315032e-05 -0.007756359892657243 58.63939444139423 -8.56173521863425e-06 0.00982206000812068 -12.05428715913956 7.961503710440229e-07 0.002078869950315024 -3.8078933101377315 3.7581731728289234e-08 -8.610947909862182e-05 0.4616618720653618 -1.716793216118163e-08 -9.133842745999835e-05 0.17156031507253436 1.2579292813162896e-08 -2.6165126765047347e-05 -0.07669441462209384 2.130995127155175e-09 1.6796766811069275e-05 -0.043169862167743975 -8.563692944835741e-10 3.4795588603170817e-06 -0.0006114474275756026 
-2.8531200415712958e-05 0.01781889333932961 -107.39316323046857 -8.006478406414718e-06 0.008386848507129953 2.8393226368995097 -1.84273414147788e-07 0.0004959870870698093 4.6908809473516655 1.0348282407400216e-07 -0.00020613406661800583 -0.06480438875492546 2.235998809353755e-08 -4.9293611341219e-05 -0.17999706901650825 2.7969413927867382e-09 4.051944597086314e-05 -0.06939688323201894 -4.512754789398617e-09 1.0634076856127067e-05 0.026423420737218848 -3.593849462988285e-10 -3.330151025590981e-06 0.010793848136880184 
0.0002783297895458392 -0.2024192988931276 -3128.425523123859 7.0903175607646334e-06 0.034593545510234594 191.8543702734687 -8.279610250520357e-06 0.028343563023989927 146.47999812186717 -3.987058109849634e-06 -0.0004383301339090496 11.169737307374506 1.0941679794036864e-07 -0.005806011568121722 -12.432578382825955 6.101681393669883e-07 0.0019407396022112647 0.5872574733597564 -1.3460421689494465e-07 1.5693470242067694e-05 2.2884982949637305 -4.422289433502971e-09 -0.00013036911702063453 -0.6745630826173896 
0.0001794628085069751 1.3893536562950473 3225.067285106044 -6.659130152053954e-06 -0.04825002679187073 -134.96085406825426 -1.4503874740507618e-05 -0.056300881148466125 -123.35023087050662 -1.1567240480127301e-06 -0.009088624078610153 -2.90404684574911 1.9274184326153117e-06 0.0031639829494706727 -3.8180589069692057 -2.644526929316942e-07 0.0012596663090196506 5.936388251513542 -9.225397322232765e-08 -0.0007571213155009352 -2.0922465978083733 2.598194915155631e-08 0.00011931523058942117 -0.7379529625414928 
0.00027832978940585504 -0.20241929885865767 -3128.425523124629 7.090317557784602e-06 0.034593545510142355 191.85437027345444 -8.279610243078685e-06 0.028343563022547917 146.47999812189292 -3.987058109669757e-06 -0.00043833013392322186 11.16973730737522 1.0941679782678927e-07 -0.0058060115681042475 -12.432578382826344 6.101681393649263e-07 0.0019407396022115928 0.5872574733597398 -1.3460421689456817e-07 1.569347024201365e-05 2.2884982949637327 -4.422289433509538e-09 -0.00013036911702063526 -0.6745630826173893 
0.00017946280833827327 1.3893536562918618 3225.0672851055792 -6.659130168529863e-06 -0.048250026790334466 -134.96085406838438 -1.450387473524073e-05 -0.056300881148277034 -123.35023087047519 -1.1567240474337397e-06 -0.009088624078664393 -2.904046845744056 1.927418432566218e-06 0.0031639829494689853 -3.8180589069696476 -2.644526929364748e-07 0.0012596663090199988 5.93638825151349 -9.225397322218755e-08 -0.0007571213155009412 -2.092246597808373 2.5981949151540985e-08 0.00011931523058942342 -0.7379529625414923 
7.713337654978261e-06 0.055666702777814145 18.567543820811885 -9.926223057017964e-07 0.0005775303014962535 4.547239006289087 -1.0257741253409854e-06 -0.0032244121047554507 0.28668238916521915 1.5879219452117876e-07 -0.00042980303371199384 -0.6652605461564932 8.68812329420433e-08 0.00019999282331838194 -0.21480916890710547 -1.9680902865887935e-08 5.273993430534494e-05 0.19055801329305358 -4.151033052672117e-09 -2.6684288074003763e-05 -0.021397670631156253 9.902818021829974e-10 4.502888789473226e-07 -0.013604789239803388 
-1.449001493475854e-05 0.007644724604979445 102.88460970093479 -4.7586899722841906e-07 -0.0016744000422245636 -3.6024677960299822 6.381947656433672e-07 -0.0016355340727613559 -5.752153107410821 2.3031521811750288e-07 0.0003208416733507656 -0.3326130355398707 -4.702424983492606e-08 0.00018889575530281588 0.41289470208918283 -2.0409974099816467e-08 -7.000352594278603e-05 0.015062473772875173 5.131342461158061e-09 -4.684653224844579e-06 -0.058205356505753335 2.0187522629194893e-10 4.029337229139445e-06 0.012449483435667517 
7.713337662772895e-06 0.05566670277710313 18.56754382067314 -9.926223066886376e-07 0.0005775303016930853 4.547239006288402 -1.0257741256150254e-06 -0.0032244121047369785 0.28668238917068845 1.587921945557267e-07 -0.000429803033718857 -0.6652605461564671 8.68812329442065e-08 0.00019999282331834836 -0.21480916890716253 -1.968090286618399e-08 5.273993430540143e-05 0.19055801329305302 -4.1510330526733485e-09 -2.668428807400435e-05 -0.021397670631156083 9.902818021836815e-10 4.502888789472288e-07 -0.013604789239803393 
-1.4490014941140281e-05 0.007644724605426423 102.88460970096556 -4.7586899695332266e-07 -0.0016744000421818187 -3.6024677960338027 6.381947658988769e-07 -0.0016355340727820856 -5.752153107412312 2.3031521809985569e-07 0.0003208416733500827 -0.33261303553971583 -4.702424983787346e-08 0.000188895755303094 0.4128947020892062 -2.0409974099591914e-08 -7.000352594279017e-05 0.015062473772873652 5.131342461166953e-09 -4.684653224845283e-06 -0.05820535650575348 2.018752262918805e-10 4.029337229139457e-06 0.012449483435667512 
