8 3 
1.55 273.0 
0.00012586232264277637 1.8245643664586884 604.4371451910176 -1.4038794099533944e-05 -0.10609769085446341 118.88437149378106 -5.796619886244967e-06 -0.08287271952668096 -13.68842887037334 3.1938012299578293e-09 -0.0005723509609404648 -4.787677164417879 8.292461115738435e-07 0.0021357386044186747 -7.759060746082967 -2.01699848210323e-07 0.0014722472798341642 5.846087669928475 -9.23341993483382e-08 -0.0008971533823939677 0.022461662851912777 3.44029272826154e-08 -1.552121821361859e-06 -0.9985299059827797 
-0.0003140728088066306 0.20339421962122728 6643.551657087028 1.8337459956132332e-05 -0.06416636025676477 -452.5114443682318 1.4289794054466704e-05 -0.013937398024202777 -312.420379779313 1.364478142940106e-07 0.00044417544974066566 5.288780215670292 -1.8871967230056968e-07 0.0037883916441503822 10.782796540622831 -3.4675604021770335e-07 -0.0015119668323856543 2.186446648881715 1.3407577489970658e-07 -0.0002701579404039945 -3.4349661332946395 6.8214891169575896e-09 0.00026124755282445997 -0.0065255505052252225 
0.00012586232299950369 1.8245643664354916 604.4371451915821 -1.4038794096495915e-05 -0.10609769085994898 118.88437149394358 -5.796619899032191e-06 -0.08287271952593935 -13.688428870424286 3.1938009905235436e-09 -0.0005723509607397777 -4.787677164422898 8.292461116871426e-07 0.0021357386044151133 -7.759060746082099 -2.016998482086244e-07 0.001472247279832639 5.846087669928509 -9.233419934853577e-08 -0.0008971533823939789 0.022461662851910646 3.440292728260884e-08 -1.5521218213611083e-06 -0.9985299059827797 
-0.0003140728090969096 0.2033942196431188 6643.551657089903 1.8337459955840943e-05 -0.06416636025878712 -452.5114443684554 1.428979406685978e-05 -0.013937398025218565 -312.42037977942465 1.3644781430565572e-07 0.00044417544981062006 5.288780215677036 -1.8871967246027422e-07 0.0037883916441634976 10.782796540624041 -3.46756040217572e-07 -0.0015119668323862502 2.186446648881666 1.340757749000568e-07 -0.0002701579404040125 -3.4349661332946417 6.8214891169593e-09 0.0002612475528244605 -0.006525550505225215 
-1.6509568225687397e-05 -0.0438699449673731 70.27185345119783 -1.995844424532367e-06 0.005947878268187295 -11.660839525613195 1.2745414622279936e-07 0.0028754629599542104 -4.091502614374435 -6.092347520876871e-08 -5.199922717857263e-05 0.5387634759293118 -1.0987097157193819e-08 -0.00012220086961228134 0.19779328211781325 1.6242884116461334e-08 -2.9662327712036078e-05 -0.09892246781963152 2.22522664974813e-09 2.0787926235056026e-05 -0.04834588051680888 -1.0314695707348456e-09 3.7649438227535096e-06 0.0007203002908761222 
4.23538693267369e-06 -0.0012289760252971297 -122.68988397129172 -3.344772305457337e-06 0.0053029094465943385 5.442926874853174 -7.433488361669814e-07 0.0006826623584330091 5.737678851067158 5.106468726683204e-08 -0.00021177512028416277 -0.0917648316679905 3.4312914182601665e-08 -6.078109915492199e-05 -0.2287379324763572 3.3827637940258758e-09 5.054058467465754e-05 -0.07713970780093726 -5.539035898291267e-09 1.1419851856433232e-05 0.036030914350323615 -3.6859593639528695e-10 -4.1486401018259326e-06 0.012650874068102932 
-1.650956824215518e-05 -0.04386994496605456 70.2718534512647 -1.9958444249674563e-06 0.00594787826821421 -11.660839525596726 1.2745414689796273e-07 0.0028754629598954614 -4.091502614377215 -6.09234751953429e-08 -5.199922717910934e-05 0.5387634759287696 -1.0987097165017068e-08 -0.00012220086961150142 0.19779328211784727 1.6242884116355716e-08 -2.9662327712035516e-05 -0.09892246781962692 2.2252266497709768e-09 2.078792623505312e-05 -0.04834588051680902 -1.0314695707344867e-09 3.764943822753492e-06 0.0007203002908761084 
4.235386915682244e-06 -0.0012289760231171045 -122.68988397122438 -3.344772304744113e-06 0.005302909446473041 5.4429268748538835 -7.433488354872039e-07 0.0006826623583432856 5.737678851064688 5.106468724288538e-08 -0.00021177512027998428 -0.09176483166798594 3.431291417512318e-08 -6.078109915387915e-05 -0.22873793247633528 3.3827637942152182e-09 5.054058467462395e-05 -0.07713970780093797 -5.539035898273893e-09 1.1419851856430464e-05 0.036030914350323594 -3.685959363953212e-10 -4.148640101825897e-06 0.012650874068102938 
0.00038610644016950435 -0.07469419919290067 -2962.350836510203 8.584554842522551e-06 0.03087250227052838 186.06007820699392 -1.3109039428840768e-05 0.024788264446279774 141.36707352079696 -4.491075171865396e-06 -0.0013212130345907458 11.94845758431299 3.392342852058022e-07 -0.00590798155563078 -13.602696299801348 6.278959575527689e-07 0.002192377033596282 1.185432124851073 -1.523712446681854e-07 -5.6797548061241015e-05 2.1915609772768367 -2.0962978298515996e-09 -0.00012489742681478486 -0.7285398197544971 
6.420395979581743e-05 1.455901061720452 3569.6045485633836 -7.90843382927745e-06 -0.050797980951489 -153.14072340364666 -1.0688531629466198e-05 -0.06038541290875638 -136.70771480668714 -8.82760615103904e-07 -0.010028656363415114 -4.7670033537728385 2.0292548342954502e-06 0.0039343794393182354 -2.960245313625622 -3.424402733997091e-07 0.00115092542401938 6.172696895808393 -8.499073697160504e-08 -0.0007930691023818368 -2.3326062624345196 2.745456555295239e-08 0.00013308698670640759 -0.684650510978289 
0.0003861064404224943 -0.07469419926102884 -2962.3508365120115 8.584554845733453e-06 0.030872502271896793 186.06007820681202 -1.3109039440765936e-05 0.024788264449264782 141.36707352085128 -4.491075172079981e-06 -0.0013212130346182496 11.948457584320002 3.392342853754532e-07 -0.005907981555668888 -13.602696299801744 6.278959575566258e-07 0.002192377033596273 1.1854321248509934 -1.5237124466878952e-07 -5.679754806112541e-05 2.1915609772768363 -2.0962978298450326e-09 -0.00012489742681478562 -0.7285398197544974 
6.420396045962361e-05 1.4559010616295376 3569.604548560567 -7.908433784941218e-06 -0.05079798095751532 -153.14072340412164 -1.0688531657742311e-05 -0.06038541290478104 -136.70771480657837 -8.827606167070962e-07 -0.010028656363188533 -4.7670033537569685 2.029254834654374e-06 0.003934379439266543 -2.9602453136270634 -3.4244027338394873e-07 0.0011509254240171822 6.172696895808255 -8.499073697283959e-08 -0.0007930691023816476 -2.332606262434514 2.7454565552934876e-08 0.00013308698670640908 -0.6846505109782889 
8.109142209388202e-05 0.06348912192263544 32.52726625325026 7.404648515469708e-07 0.0010916620810581632 5.168310068552381 -4.34058566482314e-06 -0.004018948182793454 -0.4312765688138904 1.5660679271411583e-07 -0.0004360932561933803 -0.8088409884008723 1.303116703897136e-07 0.0002532977247960436 -0.1906294061408139 -2.4132288724776112e-08 5.077615533926045e-05 0.21913781201699142 -4.1800359886207815e-09 -3.0949499284996225e-05 -0.031000370753083834 1.1469409852228262e-09 9.951851109459196e-07 -0.01405653252604582 
-0.00011725891082149179 -0.003806352081958568 109.6968073662468 -1.5577008471805946e-06 -0.0011332443508461213 -3.5677723033197157 4.947588030663888e-06 -0.0014709449536882318 -6.600773566491353 3.2620326988806475e-07 0.0004444129988656482 -0.28749332285516216 -1.1842439419911082e-07 0.00018579411288442206 0.491180092094212 -2.168743593667841e-08 -8.545260885191448e-05 -0.003552082015141544 6.4697166732342106e-09 -2.415353292447244e-06 -0.06345942851448687 1.2823711438700967e-10 4.4535187906324985e-06 0.014978955139435243 
8.109142210436746e-05 0.06348912192333982 32.5272662529164 7.404648523364929e-07 0.001091662081017268 5.168310068550049 -4.340585665264652e-06 -0.004018948182819471 -0.4312765688005364 1.566067926843179e-07 -0.0004360932561917506 -0.8088409884007383 1.3031167039524996e-07 0.00025329772479628634 -0.1906294061409635 -2.4132288724442302e-08 5.0776155339239806e-05 0.21913781201698987 -4.18003598863802e-09 -3.094949928499674e-05 -0.031000370753083435 1.1469409852225183e-09 9.951851109459312e-07 -0.014056532526045832 
-0.00011725891081090507 -0.0038063520835597896 109.69680736621642 -1.5577008464010454e-06 -0.0011332443509112116 -3.5677723033190247 4.947588030260564e-06 -0.0014709449536259881 -6.600773566489954 3.2620326986387323e-07 0.00044441299886819366 -0.28749332285522966 -1.1842439419514447e-07 0.00018579411288375397 0.49118009209419855 -2.168743593649799e-08 -8.545260885194143e-05 -0.003552082015140163 6.469716673227097e-09 -2.415353292445602e-06 -0.06345942851448691 1.2823711438577842e-10 4.453518790632687e-06 0.014978955139435242 
